19994
19984
19955
19952
19934
19929
19919
19917
19915
19878
19874
19866
19862
19857
19857
19853
19848
19837
19824
19819
19788
19785
19755
19743
19728
19721
19716
19714
19709
19707
19695
19692
19676
19664
19655
19649
19646
19614
19605
19597
19596
19595
19584
19566
19566
19564
19563
19561
19551
19516
19491
19475
19472
19462
19451
19446
19444
19438
19431
19427
19410
19407
19377
19375
19364
19348
19341
19321
19321
19320
19314
19309
19306
19297
19282
19280
19255
19217
19215
19209
19201
19195
19188
19185
19182
19172
19157
19135
19129
19117
19101
19092
19086
19084
19078
19067
19067
19065
19055
19043
19037
19036
19034
19034
19014
18985
18973
18952
18945
18939
18937
18933
18929
18923
18884
18883
18872
18868
18866
18850
18794
18765
18757
18747
18737
18713
18711
18703
18699
18690
18680
18673
18668
18665
18663
18663
18662
18658
18656
18652
18635
18631
18598
18598
18584
18575
18555
18552
18544
18541
18531
18475
18474
18472
18465
18452
18450
18411
18406
18396
18392
18376
18343
18334
18329
18320
18269
18249
18228
18224
18223
18222
18216
18206
18192
18185
18181
18179
18171
18167
18162
18156
18146
18133
18069
18060
18017
17998
17992
17981
17976
17968
17952
17946
17918
17915
17914
17907
17906
17896
17892
17886
17868
17865
17863
17851
17836
17836
17814
17810
17784
17779
17778
17759
17752
17737
17733
17723
17722
17703
17695
17673
17655
17654
17624
17607
17590
17580
17563
17516
17515
17507
17502
17495
17475
17469
17462
17459
17459
17439
17438
17429
17420
17415
17411
17408
17405
17378
17366
17359
17334
17324
17322
17291
17289
17286
17282
17273
17273
17271
17240
17230
17229
17204
17192
17181
17167
17147
17138
17138
17133
17129
17117
17095
17069
17066
17054
17035
17023
17022
17016
17012
17011
16999
16996
16990
16983
16965
16947
16947
16941
16922
16906
16906
16897
16878
16837
16826
16817
16813
16801
16797
16794
16793
16790
16768
16755
16740
16737
16722
16712
16706
16703
16684
16673
16657
16651
16648
16643
16633
16620
16616
16611
16591
16587
16584
16580
16580
16565
16554
16553
16537
16533
16511
16499
16487
16475
16464
16457
16445
16430
16413
16398
16389
16380
16378
16375
16360
16354
16318
16311
16292
16277
16266
16265
16263
16257
16184
16182
16174
16172
16167
16156
16143
16126
16088
16082
16078
16068
16041
16035
16021
16018
16014
16012
16006
15985
15982
15974
15965
15958
15941
15929
15923
15909
15903
15902
15901
15894
15894
15890
15870
15851
15844
15842
15840
15837
15826
15821
15808
15795
15776
15774
15759
15754
15751
15746
15727
15715
15713
15712
15705
15702
15698
15696
15685
15676
15660
15658
15656
15639
15620
15616
15609
15607
15602
15600
15588
15556
15555
15548
15547
15540
15535
15529
15515
15494
15481
15467
15462
15459
15456
15452
15451
15442
15441
15437
15434
15431
15421
15419
15415
15412
15410
15402
15401
15359
15356
15305
15297
15296
15290
15286
15272
15244
15239
15237
15229
15215
15214
15211
15205
15183
15157
15151
15146
15141
15124
15119
15105
15105
15096
15083
15080
15064
15051
15046
15040
15030
15025
15020
15002
14997
14979
14978
14973
14962
14951
14939
14936
14935
14934
14925
14921
14912
14898
14863
14861
14848
14828
14817
14793
14785
14784
14768
14766
14743
14702
14692
14683
14676
14670
14644
14639
14633
14626
14595
14591
14571
14567
14563
14561
14558
14550
14521
14515
14511
14504
14502
14465
14459
14454
14440
14434
14425
14422
14408
14406
14386
14383
14381
14376
14342
14341
14331
14324
14303
14292
14284
14269
14259
14238
14234
14222
14204
14202
14173
14160
14160
14140
14130
14074
14067
14056
14055
14046
14040
14024
14023
14003
14002
13977
13973
13959
13875
13857
13822
13820
13780
13780
13779
13779
13775
13773
13759
13753
13746
13744
13742
13695
13692
13682
13654
13648
13646
13644
13628
13626
13619
13615
13608
13570
13566
13565
13561
13535
13533
13529
13518
13506
13473
13468
13466
13459
13434
13428
13427
13419
13411
13365
13360
13357
13318
13288
13286
13271
13268
13259
13247
13242
13191
13177
13131
13105
13101
13094
13087
13068
13039
13024
13024
13011
12991
12980
12960
12959
12953
12951
12945
12925
12903
12892
12880
12877
12877
12875
12871
12840
12832
12830
12814
12812
12780
12773
12763
12758
12756
12745
12743
12720
12690
12663
12653
12640
12633
12624
12619
12618
12608
12601
12597
12584
12572
12564
12562
12534
12528
12508
12501
12496
12484
12479
12477
12458
12437
12420
12401
12396
12389
12375
12371
12363
12360
12337
12324
12318
12311
12302
12301
12283
12277
12259
12251
12243
12240
12230
12224
12195
12192
12187
12186
12185
12158
12157
12148
12145
12107
12100
12091
12083
12077
12074
12061
12051
12046
12041
12038
12035
12034
12015
12011
12010
11998
11992
11982
11980
11961
11960
11943
11938
11932
11913
11908
11904
11903
11903
11889
11885
11877
11868
11868
11859
11858
11852
11849
11845
11811
11804
11798
11780
11769
11757
11756
11719
11716
11690
11678
11672
11663
11637
11632
11627
11625
11617
11615
11615
11614
11607
11599
11575
11540
11539
11536
11524
11510
11495
11489
11488
11458
11446
11444
11417
11414
11413
11405
11402
11400
11396
11362
11356
11348
11342
11340
11331
11314
11297
11283
11273
11270
11262
11246
11245
11244
11208
11196
11182
11165
11161
11150
11140
11139
11137
11127
11126
11115
11076
11074
11071
11067
11064
11061
11052
11048
11045
11028
11025
11023
11010
10986
10956
10953
10944
10935
10921
10918
10907
10904
10856
10841
10830
10827
10825
10809
10779
10766
10760
10752
10751
10748
10744
10738
10736
10735
10728
10727
10726
10724
10723
10688
10683
10680
10680
10676
10658
10657
10657
10652
10646
10646
10643
10643
10641
10635
10631
10613
10610
10603
10592
10590
10575
10559
10556
10555
10549
10548
10541
10520
10495
10486
10485
10477
10476
10473
10434
10427
10415
10385
10381
10378
10378
10378
10377
10353
10339
10339
10334
10334
10319
10313
10288
10278
10274
10272
10270
10265
10263
10252
10240
10207
10203
10201
10197
10194
10194
10186
10182
10181
10177
10148
10138
10138
10137
10124
10122
10117
10113
10093
10092
10088
10084
10084
10080
10066
10064
10038
10029
10023
9993
9992
9989
9978
9975
9974
9966
9953
9950
9944
9941
9898
9892
9884
9879
9875
9873
9805
9803
9803
9788
9785
9760
9752
9744
9734
9719
9717
9713
9713
9686
9672
9659
9655
9645
9644
9633
9621
9607
9599
9594
9571
9566
9559
9547
9547
9535
9534
9529
9527
9521
9490
9467
9466
9463
9460
9443
9438
9426
9412
9406
9379
9368
9343
9338
9337
9327
9326
9318
9306
9304
9303
9299
9296
9282
9268
9260
9257
9217
9211
9203
9198
9198
9194
9187
9168
9162
9161
9158
9153
9118
9097
9073
9050
9046
9045
9037
9032
9024
9013
9003
8992
8988
8965
8960
8957
8948
8947
8947
8915
8879
8876
8874
8869
8858
8843
8836
8829
8816
8798
8797
8792
8788
8787
8784
8783
8774
8764
8764
8705
8695
8687
8669
8661
8649
8644
8641
8638
8637
8636
8629
8613
8607
8602
8595
8556
8548
8548
8539
8502
8496
8495
8492
8480
8468
8464
8456
8455
8448
8445
8437
8436
8429
8399
8379
8370
8357
8352
8349
8323
8305
8292
8268
8262
8260
8255
8242
8225
8209
8194
8181
8166
8158
8157
8150
8146
8146
8136
8106
8081
8077
8056
8044
8044
7995
7991
7990
7973
7966
7954
7945
7937
7929
7907
7896
7890
7889
7877
7876
7871
7865
7856
7843
7833
7829
7827
7822
7816
7814
7796
7779
7750
7750
7746
7733
7727
7725
7716
7706
7668
7664
7651
7651
7649
7644
7628
7598
7588
7571
7560
7559
7539
7524
7521
7519
7503
7487
7470
7460
7455
7450
7416
7402
7391
7388
7388
7383
7381
7364
7356
7354
7353
7346
7334
7332
7311
7308
7299
7279
7267
7246
7245
7236
7228
7228
7207
7196
7172
7165
7158
7157
7126
7119
7115
7108
7108
7103
7103
7084
7081
7077
7074
7071
7070
7054
7043
7039
7035
7035
7019
7015
7014
7006
7006
7004
6991
6988
6976
6975
6962
6953
6952
6942
6941
6938
6936
6928
6920
6919
6911
6909
6880
6873
6863
6863
6862
6861
6859
6858
6856
6852
6832
6804
6778
6774
6771
6767
6758
6753
6744
6741
6736
6713
6683
6676
6661
6653
6648
6647
6646
6636
6615
6595
6591
6584
6581
6580
6576
6563
6560
6556
6548
6539
6517
6502
6501
6498
6498
6494
6481
6471
6470
6463
6461
6458
6453
6451
6424
6424
6387
6370
6370
6366
6361
6352
6347
6322
6314
6313
6309
6300
6279
6264
6263
6261
6243
6239
6227
6218
6209
6174
6165
6146
6134
6126
6124
6105
6083
6081
6049
6046
6042
6034
6030
6024
6001
5998
5990
5987
5973
5972
5937
5926
5914
5914
5912
5899
5873
5845
5844
5843
5807
5794
5749
5745
5740
5721
5683
5660
5658
5656
5655
5628
5609
5585
5583
5574
5564
5561
5560
5545
5543
5535
5525
5521
5521
5513
5500
5498
5482
5478
5476
5470
5466
5461
5446
5415
5395
5382
5381
5375
5338
5329
5318
5283
5276
5265
5224
5219
5211
5205
5191
5170
5158
5149
5141
5123
5110
5077
5065
5039
5028
5020
5012
5009
5007
5006
5002
5000
4998
4981
4965
4962
4960
4954
4953
4953
4946
4921
4910
4896
4890
4885
4880
4878
4865
4859
4851
4821
4815
4808
4794
4787
4770
4746
4738
4736
4728
4724
4718
4680
4670
4657
4639
4632
4629
4614
4609
4598
4586
4576
4573
4570
4570
4561
4556
4530
4516
4486
4468
4459
4457
4441
4440
4437
4415
4410
4406
4404
4395
4387
4383
4378
4364
4353
4334
4319
4307
4298
4294
4288
4287
4247
4234
4226
4223
4210
4206
4197
4188
4184
4168
4157
4155
4141
4126
4114
4112
4107
4098
4077
4071
4064
4058
4049
4045
4043
4042
4022
4012
3995
3990
3983
3976
3972
3961
3953
3946
3924
3919
3918
3889
3885
3868
3834
3828
3822
3796
3770
3767
3763
3759
3759
3752
3736
3704
3688
3682
3680
3674
3672
3663
3654
3651
3637
3631
3628
3627
3619
3618
3612
3600
3595
3584
3579
3574
3564
3563
3561
3555
3536
3528
3528
3506
3503
3491
3488
3486
3469
3456
3451
3438
3430
3428
3423
3416
3412
3409
3402
3383
3373
3368
3366
3363
3322
3309
3259
3255
3227
3224
3221
3198
3188
3187
3185
3181
3174
3174
3174
3173
3169
3152
3148
3147
3123
3099
3082
3077
3064
3054
3050
3039
3029
3025
3008
3005
3003
2989
2959
2950
2948
2944
2932
2911
2892
2885
2878
2861
2856
2855
2849
2845
2839
2838
2795
2793
2766
2765
2747
2724
2707
2700
2700
2698
2692
2687
2680
2664
2642
2636
2630
2625
2618
2586
2576
2575
2565
2557
2538
2534
2516
2515
2512
2480
2476
2465
2439
2434
2424
2412
2400
2398
2382
2379
2377
2375
2367
2364
2363
2360
2357
2356
2356
2349
2347
2316
2300
2282
2278
2251
2231
2225
2224
2220
2213
2200
2193
2188
2176
2174
2161
2149
2149
2123
2117
2115
2114
2104
2102
2086
2078
2075
2049
2030
2025
2018
2017
2014
2005
2003
1985
1962
1954
1952
1945
1944
1943
1940
1929
1915
1914
1908
1903
1895
1872
1862
1858
1843
1828
1809
1794
1774
1771
1758
1734
1732
1717
1712
1704
1698
1683
1679
1659
1654
1651
1633
1633
1631
1620
1594
1591
1579
1564
1544
1538
1531
1530
1512
1510
1497
1491
1489
1487
1483
1466
1466
1457
1447
1441
1434
1432
1427
1426
1425
1415
1415
1409
1408
1395
1386
1379
1378
1360
1344
1336
1327
1318
1316
1314
1311
1299
1292
1284
1274
1245
1245
1238
1234
1224
1222
1217
1207
1191
1184
1180
1180
1179
1167
1155
1151
1143
1131
1124
1121
1094
1070
1068
1053
1045
1042
1040
1032
1028
1023
1020
1014
1004
980
963
951
949
946
933
926
921
882
861
857
827
823
780
776
771
753
748
738
729
701
694
689
684
680
650
648
640
627
624
620
616
615
610
601
599
597
597
576
575
566
565
559
528
527
522
518
509
506
498
487
459
457
423
419
418
414
408
403
398
388
383
375
369
338
324
310
286
286
275
259
258
252
238
223
219
208
207
204
194
192
188
177
173
161
151
143
121
120
88
82
55
53
24
20
18
