11849
14130
6264
7816
18663
2251
6580
6498
2278
3402
8829
7796
13746
16378
6042
15105
6683
17138
14558
597
13644
6976
18544
18713
11943
3752
13608
12597
9953
1040
14702
15431
527
16014
3456
12601
9993
17968
18883
4598
19728
7172
2707
3953
4921
9803
10334
10177
8705
10646
12311
8437
414
6458
6461
9672
16797
13286
4910
11780
2557
10194
9734
610
15774
10084
4981
4045
16445
418
12960
6953
1531
4965
8787
11297
15141
14912
11495
13473
12780
14743
16990
6873
3796
1378
17918
13779
7334
9198
3995
10646
19321
5844
15556
15754
12389
16265
16790
10592
694
14408
6352
3050
10473
19321
14173
13780
6863
6676
7519
14055
19431
5914
4287
18162
2316
8965
17147
19407
2839
8556
8157
18343
19857
10203
6909
3029
10378
5525
10956
18411
648
18952
4657
275
599
17981
11139
15462
13779
4556
7391
9194
17322
1023
13268
753
12363
16712
15415
13242
8792
3383
18185
17405
16813
7308
5149
7470
509
4395
601
16906
3148
15529
19664
14785
4896
13011
17054
8379
17778
2123
2515
4794
9153
17976
14422
2516
18985
5039
5987
6146
19036
4486
11960
4787
559
17459
13692
7416
10918
18668
5158
7103
10088
17282
11270
2014
15903
18598
18334
14406
7779
5914
5972
10520
18598
192
13318
6494
120
1732
1224
17759
398
7664
383
8836
2360
17117
4746
15548
1028
8081
459
2220
13566
19209
18392
3637
7460
18017
9467
9547
7450
18680
1903
5395
14238
1415
7165
14023
933
2625
4114
9426
19605
2434
17865
14997
11663
3430
19824
14046
7907
2959
17814
15244
18703
12619
3198
3924
4415
15901
121
1915
1121
7054
3618
18320
4614
14324
19129
7006
16078
11992
9203
16580
6942
11010
10274
10986
8649
9306
8242
1489
17334
5006
827
1497
7103
10688
15808
18866
16722
18224
12690
11690
18933
18747
12192
4561
16565
9168
17035
12479
14939
6218
5482
12187
19034
1858
16817
12015
2102
565
4865
11889
10138
18658
4815
1311
15974
3082
13459
8764
1962
5873
12877
11161
18179
4223
518
18181
3185
15676
9659
3438
17011
17291
13648
12653
11757
7865
4234
10841
6030
6774
14292
17415
15214
11127
15183
7332
16591
4197
16277
14521
4459
7228
18872
338
4632
10727
8056
9785
11052
2398
6771
12951
9607
13753
5564
19086
11314
5476
10486
3181
12195
12624
5899
18228
14676
9571
6501
8305
10744
16801
219
11246
16068
3834
10549
1292
2086
4288
194
15080
1191
7383
17359
9633
13427
10590
7991
3488
5219
16006
12830
8636
19878
10122
19721
10652
11599
252
7990
16620
19092
3173
7381
2030
7236
17779
10676
14626
1217
18249
9045
15837
16737
9992
2465
1020
18206
19309
19438
10272
13360
5065
8480
19101
13105
17066
2149
5329
14383
7539
2845
12277
6646
11444
17069
15020
15494
10334
9566
3224
17655
951
2367
286
10726
8602
8539
10680
10117
10766
6615
11615
11396
12107
6863
11536
1466
1538
5745
19955
9299
16413
13131
7973
10610
2115
18552
15851
10680
15215
7524
8764
11510
1591
1908
8209
5470
6861
7353
53
3412
18631
19952
19306
15239
3564
5843
13039
963
16457
1594
2188
11076
15030
16184
3008
11627
3491
5000
15616
19848
4404
5721
5545
13468
12496
1564
8948
18765
5007
14381
13434
19280
13466
9050
2213
10186
3919
2104
10182
19472
3672
9879
4064
5382
18
4573
14828
1360
11028
6453
15419
14341
6424
19462
1124
423
9950
17022
575
9024
9097
7954
1483
6661
11458
8456
10319
13259
1094
3451
286
18269
10779
12038
18222
5141
6941
12034
3736
12633
1415
19348
9547
161
3688
15096
10378
16941
3972
15696
19067
12318
17012
17914
14644
5466
4206
10485
3099
16487
701
12745
6517
2049
16651
9944
188
12534
12840
4155
8957
16794
15705
13024
4953
4247
1274
15124
8988
748
857
11615
2565
11342
8399
208
1004
12185
18929
9198
3918
9974
7074
15535
2855
6081
4670
17703
13365
8641
1184
17138
14670
5381
12051
14973
3469
16648
12812
2911
7727
19676
17607
4570
6165
6174
6647
7843
8436
18923
10377
10643
8502
1620
2375
17836
1408
7651
11061
6753
14591
8455
7035
5656
4586
8468
6952
143
2700
3704
5521
10921
2698
6744
10613
11756
19984
7455
9621
16511
9884
16354
7706
6049
14925
408
16174
3674
9443
8077
2174
3486
9760
14921
8548
15441
4808
9303
498
1336
15046
19614
2149
2586
10555
2932
10265
8464
1466
1318
8695
12148
6470
9521
7158
6105
6653
12375
18711
11716
8146
18937
1862
7364
10751
19866
19067
14465
15146
13565
375
16126
19172
14935
19857
15941
11402
2861
16633
11852
9466
18973
7019
19551
1717
6124
8816
9644
1426
14140
5628
1771
17516
8445
16947
9686
1180
3868
369
18156
8044
1245
6424
14234
7829
6263
15607
1151
17863
1014
8496
17752
15588
4157
3428
946
3651
6481
8262
9304
15894
6988
12743
10278
2017
8292
16360
7388
11196
566
16156
15515
5077
2439
6502
1828
15064
6804
10657
1487
14040
13506
949
1579
1698
10760
403
18060
17998
3528
19043
14561
2950
11405
2225
6309
13780
6370
16878
3990
6300
1238
18690
9412
7725
3579
5123
10339
4851
7157
8194
18192
4406
2795
18069
6366
616
18541
19217
12877
19341
5683
18396
9717
11488
4077
13857
18223
16965
17095
6034
19037
1683
19595
7871
15842
14056
55
9713
3174
4570
15609
15401
11614
9898
7043
12243
11071
6279
14454
16182
15685
8797
9327
14898
10827
19297
12618
9003
14692
6560
15923
17420
15555
11908
3822
3600
9337
8858
3889
4946
10735
16684
1512
16554
310
19709
9162
17469
16673
17459
19714
17324
15712
4998
11348
10907
11115
9978
6852
7503
4364
8352
4043
10064
19282
2575
7559
7388
15437
3983
3363
17810
4383
4440
3506
8784
7004
11980
204
8181
19743
16088
2224
3946
6911
12420
15002
19929
4107
324
18945
15656
12083
11048
12477
1758
19201
17411
1314
19451
2003
689
17475
615
238
4410
10080
3828
8874
1952
6539
19874
19853
8492
8947
9805
17654
9326
9073
6767
17129
10657
11903
627
7876
388
19185
18555
12959
10738
9752
3682
4042
6858
14951
15211
14376
8166
6581
11023
9460
19065
14434
6595
7115
173
1944
5655
16475
16740
7889
2948
1427
3064
5205
9032
419
10023
16389
5461
19755
2377
16580
13561
17563
16553
4738
12640
3169
11885
15105
8595
18656
13626
2480
4953
5660
3595
6920
16375
12756
16657
4728
6648
15826
8225
6636
5283
10339
17016
5749
14567
15442
5276
9296
11719
10830
1222
2630
14303
8495
1284
8370
6024
17722
9655
14962
14504
5937
7402
15290
10556
11126
15639
19135
7896
19427
9013
1794
4516
7084
8644
7246
16499
18474
650
5478
4576
15870
11340
15025
7571
12814
15157
11998
17906
14331
19182
19819
8349
6556
624
1954
1180
2636
6243
14683
2349
12010
18673
2282
10181
2300
4736
11769
17181
2356
4530
19014
16430
8158
13654
1651
18575
13191
19446
16018
13759
12230
12991
15272
1633
861
14936
19785
5318
11961
6741
7822
3536
19716
7521
640
5415
9282
13068
16983
17230
9379
2642
1447
4168
1395
19564
16999
2356
3025
88
11064
684
8629
3322
15451
17590
14003
2117
16643
3309
7746
1070
4353
3039
2424
9534
4770
12608
4724
1510
16292
207
9875
15702
2018
4468
17438
16041
15751
10643
11868
7108
15402
14284
17023
8879
15844
7716
6591
16082
16012
11208
3976
16755
6862
12035
15698
5740
15434
12251
10113
620
14979
18216
9406
8044
4962
11045
10029
4298
19695
11025
19195
6001
7228
11575
17836
14768
9527
11140
13775
2664
5012
8607
151
17733
10207
14793
10270
12396
11904
19188
12240
12980
15412
12508
11074
10137
7015
11798
10603
597
6962
15982
19934
1068
10724
1654
3680
3255
6261
6713
18665
5912
14204
15237
8947
2680
4012
7035
17624
18757
24
3054
8992
1441
12091
6370
13959
15620
16398
18376
1207
9645
8960
3188
5211
3409
4378
12077
13773
1316
4141
19410
15119
9966
11845
2838
10658
3259
5560
11625
3612
1032
10495
17271
15600
6832
13822
3770
14269
17273
576
15297
506
9211
7346
1131
7945
780
6548
9490
18171
4184
17429
14386
2766
13177
17366
7077
15821
15151
2476
2161
12758
8357
4049
16584
5375
7649
11637
1179
5543
82
13518
18868
926
6451
18133
10434
11362
13742
19596
5583
19320
9368
2512
17723
18737
1530
4071
5009
19646
19566
15083
6046
13646
13875
12100
18475
2793
3123
11413
12832
3555
7207
3174
18652
16172
528
11414
6347
11672
9529
9260
1234
14550
10944
17580
258
13615
15305
9788
1679
19117
6856
19475
14511
17737
7126
17886
19364
11811
14863
17378
6736
1143
18662
5561
17439
5028
10288
7995
12011
18452
7598
7750
12953
10093
7006
18584
7644
10263
3077
11182
15902
19655
15286
5609
6928
5110
7814
3187
18465
19375
10084
9719
2347
11617
12437
10124
17784
3503
17240
2176
3221
7119
15894
13570
3373
4058
14067
19157
980
16035
11868
1704
12528
8255
10477
5845
3152
13619
4890
5265
18850
11858
2005
9713
8637
19692
12875
3628
1155
19707
17952
7279
1843
10904
12302
10683
16587
11262
7560
4294
4821
9217
14425
6991
16793
16837
11932
5973
14502
16380
3003
6498
9338
19215
4387
17507
7668
4022
15359
16537
18406
4885
11137
18472
11982
11678
10559
5521
13357
13101
2114
3759
5990
14259
19084
16947
12945
15040
2363
7245
15205
14342
17896
2856
16922
10066
13628
12041
1432
12046
16897
10381
15547
3619
17495
15481
16996
5998
15985
14002
14440
1940
5170
12401
1042
10476
10856
6209
5926
17462
4880
4457
15658
8638
16318
5498
14024
18450
12324
2692
14633
12283
15410
6975
14515
16311
3368
3561
15421
1895
6314
6758
6584
7071
6239
9161
15602
9037
3423
14978
7588
12145
15746
16826
13094
10548
13247
17868
7108
2576
522
3563
2412
3584
457
16616
3227
2075
18699
8843
13535
11446
12158
19919
14595
6938
10148
7311
16611
3885
8876
15467
18663
15727
6083
14202
9343
1659
6576
4878
18884
4126
2025
17408
8136
5338
4718
17851
7267
10635
4629
17502
3627
15958
7070
2687
10353
6859
12301
1491
2078
8915
8106
12371
4859
8260
18167
11938
1434
10825
1544
15540
8548
10641
11150
4307
10631
15296
11524
2724
19444
4112
10953
12773
9594
2765
19862
2989
2747
19649
14459
13419
14160
2379
12562
11273
10935
11356
9118
7039
5574
10197
3005
1945
9559
12584
14639
8669
14766
3654
19491
7833
7014
12186
6313
13820
9744
17915
8268
5807
12061
11540
7356
17515
10752
3366
10252
17946
1774
6936
5500
16703
18146
16167
9158
2193
13288
16021
17192
7856
3574
16768
3767
6471
9257
12484
13024
12763
19563
19915
8798
13977
9438
11804
18531
1872
10415
11067
5446
15459
14817
14861
487
14074
16464
13529
9803
11331
4680
9268
7354
10748
12074
7628
729
11607
11632
1929
5658
11165
18329
5585
10809
13271
10378
5224
9187
16143
19917
12663
16533
11489
1712
19255
17229
1425
15715
4437
882
6880
12360
2382
2357
15776
13428
16263
12572
8429
19561
6919
14934
2400
11400
2700
17992
14784
1457
3631
8150
8774
4226
11283
1409
11903
4954
5535
15795
1344
2534
6563
771
3763
8783
3759
7651
3416
921
1167
1245
17289
7890
14848
3663
4098
15890
19837
1631
9463
1379
11877
738
5002
10385
2364
7487
15840
14563
9046
10736
5513
1299
10201
15965
3174
1045
10240
10092
6322
17892
7929
19034
14571
680
8687
8613
8869
6463
10728
10313
1053
9318
6126
9892
12925
19584
3528
12224
15456
14160
9941
2538
8788
12892
9975
12337
8323
13682
13533
6387
7937
19314
16266
9989
18794
17167
4639
20
13973
15660
13411
10723
15452
10427
12259
1734
11913
8661
15713
12501
12720
5020
17273
2878
10541
9873
8146
12564
19566
4319
12880
11245
16257
17673
1943
18635
12903
18939
2231
6778
823
2885
15229
1985
19516
4960
4334
7827
7081
17133
12871
177
4441
15356
17907
2944
4609
12458
7196
13087
1386
11539
16906
11244
2618
7750
13695
5191
17286
17695
9535
4210
259
7733
10575
10194
16706
7299
2200
2849
15929
14222
19078
8448
10138
6361
1327
223
17204
12157
7966
19597
11859
1633
19994
19055
4188
6227
9599
15759
6134
3147
3961
15051
7877
11417
19377
1914
5794
19788
13744
776
15909
1809
2892
10038
