18
20
24
53
55
82
88
120
121
143
151
161
173
177
188
192
194
204
207
208
219
223
238
252
258
259
275
286
286
310
324
338
369
375
383
388
398
403
408
414
418
419
423
457
459
487
498
506
509
518
522
527
528
559
565
566
575
576
597
597
599
601
610
615
616
620
624
627
640
648
650
680
684
689
694
701
729
738
748
753
771
776
780
823
827
857
861
882
921
926
933
946
949
951
963
980
1004
1014
1020
1023
1028
1032
1040
1042
1045
1053
1068
1070
1094
1121
1124
1131
1143
1151
1155
1167
1179
1180
1180
1184
1191
1207
1217
1222
1224
1234
1238
1245
1245
1274
1284
1292
1299
1311
1314
1316
1318
1327
1336
1344
1360
1378
1379
1386
1395
1408
1409
1415
1415
1425
1426
1427
1432
1434
1441
1447
1457
1466
1466
1483
1487
1489
1491
1497
1510
1512
1530
1531
1538
1544
1564
1579
1591
1594
1620
1631
1633
1633
1651
1654
1659
1679
1683
1698
1704
1712
1717
1732
1734
1758
1771
1774
1794
1809
1828
1843
1858
1862
1872
1895
1903
1908
1914
1915
1929
1940
1943
1944
1945
1952
1954
1962
1985
2003
2005
2014
2017
2018
2025
2030
2049
2075
2078
2086
2102
2104
2114
2115
2117
2123
2149
2149
2161
2174
2176
2188
2193
2200
2213
2220
2224
2225
2231
2251
2278
2282
2300
2316
2347
2349
2356
2356
2357
2360
2363
2364
2367
2375
2377
2379
2382
2398
2400
2412
2424
2434
2439
2465
2476
2480
2512
2515
2516
2534
2538
2557
2565
2575
2576
2586
2618
2625
2630
2636
2642
2664
2680
2687
2692
2698
2700
2700
2707
2724
2747
2765
2766
2793
2795
2838
2839
2845
2849
2855
2856
2861
2878
2885
2892
2911
2932
2944
2948
2950
2959
2989
3003
3005
3008
3025
3029
3039
3050
3054
3064
3077
3082
3099
3123
3147
3148
3152
3169
3173
3174
3174
3174
3181
3185
3187
3188
3198
3221
3224
3227
3255
3259
3309
3322
3363
3366
3368
3373
3383
3402
3409
3412
3416
3423
3428
3430
3438
3451
3456
3469
3486
3488
3491
3503
3506
3528
3528
3536
3555
3561
3563
3564
3574
3579
3584
3595
3600
3612
3618
3619
3627
3628
3631
3637
3651
3654
3663
3672
3674
3680
3682
3688
3704
3736
3752
3759
3759
3763
3767
3770
3796
3822
3828
3834
3868
3885
3889
3918
3919
3924
3946
3953
3961
3972
3976
3983
3990
3995
4012
4022
4042
4043
4045
4049
4058
4064
4071
4077
4098
4107
4112
4114
4126
4141
4155
4157
4168
4184
4188
4197
4206
4210
4223
4226
4234
4247
4287
4288
4294
4298
4307
4319
4334
4353
4364
4378
4383
4387
4395
4404
4406
4410
4415
4437
4440
4441
4457
4459
4468
4486
4516
4530
4556
4561
4570
4570
4573
4576
4586
4598
4609
4614
4629
4632
4639
4657
4670
4680
4718
4724
4728
4736
4738
4746
4770
4787
4794
4808
4815
4821
4851
4859
4865
4878
4880
4885
4890
4896
4910
4921
4946
4953
4953
4954
4960
4962
4965
4981
4998
5000
5002
5006
5007
5009
5012
5020
5028
5039
5065
5077
5110
5123
5141
5149
5158
5170
5191
5205
5211
5219
5224
5265
5276
5283
5318
5329
5338
5375
5381
5382
5395
5415
5446
5461
5466
5470
5476
5478
5482
5498
5500
5513
5521
5521
5525
5535
5543
5545
5560
5561
5564
5574
5583
5585
5609
5628
5655
5656
5658
5660
5683
5721
5740
5745
5749
5794
5807
5843
5844
5845
5873
5899
5912
5914
5914
5926
5937
5972
5973
5987
5990
5998
6001
6024
6030
6034
6042
6046
6049
6081
6083
6105
6124
6126
6134
6146
6165
6174
6209
6218
6227
6239
6243
6261
6263
6264
6279
6300
6309
6313
6314
6322
6347
6352
6361
6366
6370
6370
6387
6424
6424
6451
6453
6458
6461
6463
6470
6471
6481
6494
6498
6498
6501
6502
6517
6539
6548
6556
6560
6563
6576
6580
6581
6584
6591
6595
6615
6636
6646
6647
6648
6653
6661
6676
6683
6713
6736
6741
6744
6753
6758
6767
6771
6774
6778
6804
6832
6852
6856
6858
6859
6861
6862
6863
6863
6873
6880
6909
6911
6919
6920
6928
6936
6938
6941
6942
6952
6953
6962
6975
6976
6988
6991
7004
7006
7006
7014
7015
7019
7035
7035
7039
7043
7054
7070
7071
7074
7077
7081
7084
7103
7103
7108
7108
7115
7119
7126
7157
7158
7165
7172
7196
7207
7228
7228
7236
7245
7246
7267
7279
7299
7308
7311
7332
7334
7346
7353
7354
7356
7364
7381
7383
7388
7388
7391
7402
7416
7450
7455
7460
7470
7487
7503
7519
7521
7524
7539
7559
7560
7571
7588
7598
7628
7644
7649
7651
7651
7664
7668
7706
7716
7725
7727
7733
7746
7750
7750
7779
7796
7814
7816
7822
7827
7829
7833
7843
7856
7865
7871
7876
7877
7889
7890
7896
7907
7929
7937
7945
7954
7966
7973
7990
7991
7995
8044
8044
8056
8077
8081
8106
8136
8146
8146
8150
8157
8158
8166
8181
8194
8209
8225
8242
8255
8260
8262
8268
8292
8305
8323
8349
8352
8357
8370
8379
8399
8429
8436
8437
8445
8448
8455
8456
8464
8468
8480
8492
8495
8496
8502
8539
8548
8548
8556
8595
8602
8607
8613
8629
8636
8637
8638
8641
8644
8649
8661
8669
8687
8695
8705
8764
8764
8774
8783
8784
8787
8788
8792
8797
8798
8816
8829
8836
8843
8858
8869
8874
8876
8879
8915
8947
8947
8948
8957
8960
8965
8988
8992
9003
9013
9024
9032
9037
9045
9046
9050
9073
9097
9118
9153
9158
9161
9162
9168
9187
9194
9198
9198
9203
9211
9217
9257
9260
9268
9282
9296
9299
9303
9304
9306
9318
9326
9327
9337
9338
9343
9368
9379
9406
9412
9426
9438
9443
9460
9463
9466
9467
9490
9521
9527
9529
9534
9535
9547
9547
9559
9566
9571
9594
9599
9607
9621
9633
9644
9645
9655
9659
9672
9686
9713
9713
9717
9719
9734
9744
9752
9760
9785
9788
9803
9803
9805
9873
9875
9879
9884
9892
9898
9941
9944
9950
9953
9966
9974
9975
9978
9989
9992
9993
10023
10029
10038
10064
10066
10080
10084
10084
10088
10092
10093
10113
10117
10122
10124
10137
10138
10138
10148
10177
10181
10182
10186
10194
10194
10197
10201
10203
10207
10240
10252
10263
10265
10270
10272
10274
10278
10288
10313
10319
10334
10334
10339
10339
10353
10377
10378
10378
10378
10381
10385
10415
10427
10434
10473
10476
10477
10485
10486
10495
10520
10541
10548
10549
10555
10556
10559
10575
10590
10592
10603
10610
10613
10631
10635
10641
10643
10643
10646
10646
10652
10657
10657
10658
10676
10680
10680
10683
10688
10723
10724
10726
10727
10728
10735
10736
10738
10744
10748
10751
10752
10760
10766
10779
10809
10825
10827
10830
10841
10856
10904
10907
10918
10921
10935
10944
10953
10956
10986
11010
11023
11025
11028
11045
11048
11052
11061
11064
11067
11071
11074
11076
11115
11126
11127
11137
11139
11140
11150
11161
11165
11182
11196
11208
11244
11245
11246
11262
11270
11273
11283
11297
11314
11331
11340
11342
11348
11356
11362
11396
11400
11402
11405
11413
11414
11417
11444
11446
11458
11488
11489
11495
11510
11524
11536
11539
11540
11575
11599
11607
11614
11615
11615
11617
11625
11627
11632
11637
11663
11672
11678
11690
11716
11719
11756
11757
11769
11780
11798
11804
11811
11845
11849
11852
11858
11859
11868
11868
11877
11885
11889
11903
11903
11904
11908
11913
11932
11938
11943
11960
11961
11980
11982
11992
11998
12010
12011
12015
12034
12035
12038
12041
12046
12051
12061
12074
12077
12083
12091
12100
12107
12145
12148
12157
12158
12185
12186
12187
12192
12195
12224
12230
12240
12243
12251
12259
12277
12283
12301
12302
12311
12318
12324
12337
12360
12363
12371
12375
12389
12396
12401
12420
12437
12458
12477
12479
12484
12496
12501
12508
12528
12534
12562
12564
12572
12584
12597
12601
12608
12618
12619
12624
12633
12640
12653
12663
12690
12720
12743
12745
12756
12758
12763
12773
12780
12812
12814
12830
12832
12840
12871
12875
12877
12877
12880
12892
12903
12925
12945
12951
12953
12959
12960
12980
12991
13011
13024
13024
13039
13068
13087
13094
13101
13105
13131
13177
13191
13242
13247
13259
13268
13271
13286
13288
13318
13357
13360
13365
13411
13419
13427
13428
13434
13459
13466
13468
13473
13506
13518
13529
13533
13535
13561
13565
13566
13570
13608
13615
13619
13626
13628
13644
13646
13648
13654
13682
13692
13695
13742
13744
13746
13753
13759
13773
13775
13779
13779
13780
13780
13820
13822
13857
13875
13959
13973
13977
14002
14003
14023
14024
14040
14046
14055
14056
14067
14074
14130
14140
14160
14160
14173
14202
14204
14222
14234
14238
14259
14269
14284
14292
14303
14324
14331
14341
14342
14376
14381
14383
14386
14406
14408
14422
14425
14434
14440
14454
14459
14465
14502
14504
14511
14515
14521
14550
14558
14561
14563
14567
14571
14591
14595
14626
14633
14639
14644
14670
14676
14683
14692
14702
14743
14766
14768
14784
14785
14793
14817
14828
14848
14861
14863
14898
14912
14921
14925
14934
14935
14936
14939
14951
14962
14973
14978
14979
14997
15002
15020
15025
15030
15040
15046
15051
15064
15080
15083
15096
15105
15105
15119
15124
15141
15146
15151
15157
15183
15205
15211
15214
15215
15229
15237
15239
15244
15272
15286
15290
15296
15297
15305
15356
15359
15401
15402
15410
15412
15415
15419
15421
15431
15434
15437
15441
15442
15451
15452
15456
15459
15462
15467
15481
15494
15515
15529
15535
15540
15547
15548
15555
15556
15588
15600
15602
15607
15609
15616
15620
15639
15656
15658
15660
15676
15685
15696
15698
15702
15705
15712
15713
15715
15727
15746
15751
15754
15759
15774
15776
15795
15808
15821
15826
15837
15840
15842
15844
15851
15870
15890
15894
15894
15901
15902
15903
15909
15923
15929
15941
15958
15965
15974
15982
15985
16006
16012
16014
16018
16021
16035
16041
16068
16078
16082
16088
16126
16143
16156
16167
16172
16174
16182
16184
16257
16263
16265
16266
16277
16292
16311
16318
16354
16360
16375
16378
16380
16389
16398
16413
16430
16445
16457
16464
16475
16487
16499
16511
16533
16537
16553
16554
16565
16580
16580
16584
16587
16591
16611
16616
16620
16633
16643
16648
16651
16657
16673
16684
16703
16706
16712
16722
16737
16740
16755
16768
16790
16793
16794
16797
16801
16813
16817
16826
16837
16878
16897
16906
16906
16922
16941
16947
16947
16965
16983
16990
16996
16999
17011
17012
17016
17022
17023
17035
17054
17066
17069
17095
17117
17129
17133
17138
17138
17147
17167
17181
17192
17204
17229
17230
17240
17271
17273
17273
17282
17286
17289
17291
17322
17324
17334
17359
17366
17378
17405
17408
17411
17415
17420
17429
17438
17439
17459
17459
17462
17469
17475
17495
17502
17507
17515
17516
17563
17580
17590
17607
17624
17654
17655
17673
17695
17703
17722
17723
17733
17737
17752
17759
17778
17779
17784
17810
17814
17836
17836
17851
17863
17865
17868
17886
17892
17896
17906
17907
17914
17915
17918
17946
17952
17968
17976
17981
17992
17998
18017
18060
18069
18133
18146
18156
18162
18167
18171
18179
18181
18185
18192
18206
18216
18222
18223
18224
18228
18249
18269
18320
18329
18334
18343
18376
18392
18396
18406
18411
18450
18452
18465
18472
18474
18475
18531
18541
18544
18552
18555
18575
18584
18598
18598
18631
18635
18652
18656
18658
18662
18663
18663
18665
18668
18673
18680
18690
18699
18703
18711
18713
18737
18747
18757
18765
18794
18850
18866
18868
18872
18883
18884
18923
18929
18933
18937
18939
18945
18952
18973
18985
19014
19034
19034
19036
19037
19043
19055
19065
19067
19067
19078
19084
19086
19092
19101
19117
19129
19135
19157
19172
19182
19185
19188
19195
19201
19209
19215
19217
19255
19280
19282
19297
19306
19309
19314
19320
19321
19321
19341
19348
19364
19375
19377
19407
19410
19427
19431
19438
19444
19446
19451
19462
19472
19475
19491
19516
19551
19561
19563
19564
19566
19566
19584
19595
19596
19597
19605
19614
19646
19649
19655
19664
19676
19692
19695
19707
19709
19714
19716
19721
19728
19743
19755
19785
19788
19819
19824
19837
19848
19853
19857
19857
19862
19866
19874
19878
19915
19917
19919
19929
19934
19952
19955
19984
19994
