1288
1066
9420
8757
18207
3999
2768
1859
18205
13903
10242
656
707
5688
15324
9464
18336
13932
5177
10481
11769
17481
6603
15079
14144
4189
14001
6223
11707
18535
17094
5641
14249
7240
8988
13970
3894
19210
19179
4948
3231
19197
1309
4596
1183
2509
11573
16799
14592
13036
9647
14381
11173
11762
10196
3742
19485
5475
75
11654
16720
16454
18989
3561
16677
4422
14446
13574
11999
19540
19489
3127
8354
6277
17248
15195
4443
12419
3765
3673
2480
15713
13426
8020
18041
19772
7724
8014
17805
6197
8551
4216
7664
6409
4233
11842
17600
3830
12683
7462
16236
2460
2580
13846
3487
2492
7630
10902
7928
12907
14043
4563
11980
2842
14207
16746
4509
18088
18743
6197
15178
12130
6702
11463
3930
11763
17792
14744
5055
18865
8815
14726
7565
7509
8706
19390
17512
12304
6042
13039
18568
2891
6772
12759
12680
9313
7029
8322
8643
8197
13415
8769
17313
379
18073
17716
12589
9892
56
4441
6907
18212
16909
2415
2552
15257
11021
6850
16979
13761
7681
14341
17644
13272
5088
4921
1394
13782
2424
17571
15901
3883
19351
13313
5228
16178
18326
1534
8111
5999
4648
12510
7729
18773
6502
9075
9543
2069
6267
18481
