56
75
379
656
707
1066
1183
1288
1309
1394
1534
1859
2069
2415
2424
2460
2480
2492
2509
2552
2580
2768
2842
2891
3127
3231
3487
3561
3673
3742
3765
3830
3883
3894
3930
3999
4189
4216
4233
4422
4441
4443
4509
4563
4596
4648
4921
4948
5055
5088
5177
5228
5475
5641
5688
5999
6042
6197
6197
6223
6267
6277
6409
6502
6603
6702
6772
6850
6907
7029
7240
7462
7509
7565
7630
7664
7681
7724
7729
7928
8014
8020
8111
8197
8322
8354
8551
8643
8706
8757
8769
8815
8988
9075
9313
9420
9464
9543
9647
9892
10196
10242
10481
10902
11021
11173
11463
11573
11654
11707
11762
11763
11769
11842
11980
11999
12130
12304
12419
12510
12589
12680
12683
12759
12907
13036
13039
13272
13313
13415
13426
13574
13761
13782
13846
13903
13932
13970
14001
14043
14144
14207
14249
14341
14381
14446
14592
14726
14744
15079
15178
15195
15257
15324
15713
15901
16178
16236
16454
16677
16720
16746
16799
16909
16979
17094
17248
17313
17481
17512
17571
17600
17644
17716
17792
17805
18041
18073
18088
18205
18207
18212
18326
18336
18481
18535
18568
18743
18773
18865
18989
19179
19197
19210
19351
19390
19485
19489
19540
19772
