19772
19540
19489
19485
19390
19351
19210
19197
19179
18989
18865
18773
18743
18568
18535
18481
18336
18326
18212
18207
18205
18088
18073
18041
17805
17792
17716
17644
17600
17571
17512
17481
17313
17248
17094
16979
16909
16799
16746
16720
16677
16454
16236
16178
15901
15713
15324
15257
15195
15178
15079
14744
14726
14592
14446
14381
14341
14249
14207
14144
14043
14001
13970
13932
13903
13846
13782
13761
13574
13426
13415
13313
13272
13039
13036
12907
12759
12683
12680
12589
12510
12419
12304
12130
11999
11980
11842
11769
11763
11762
11707
11654
11573
11463
11173
11021
10902
10481
10242
10196
9892
9647
9543
9464
9420
9313
9075
8988
8815
8769
8757
8706
8643
8551
8354
8322
8197
8111
8020
8014
7928
7729
7724
7681
7664
7630
7565
7509
7462
7240
7029
6907
6850
6772
6702
6603
6502
6409
6277
6267
6223
6197
6197
6042
5999
5688
5641
5475
5228
5177
5088
5055
4948
4921
4648
4596
4563
4509
4443
4441
4422
4233
4216
4189
3999
3930
3894
3883
3830
3765
3742
3673
3561
3487
3231
3127
2891
2842
2768
2580
2552
2509
2492
2480
2460
2424
2415
2069
1859
1534
1394
1309
1288
1183
1066
707
656
379
75
56
